Iteration 9
Lattice 0 Fitness: 0.00167236
Data: 0 0 1 0 1 2 0 0 2 0 2 0 1 0 2 1 0 1 2 1 1 2 0 1 1 0 0 0 1 1 1 2 2 2 2 1 0 2 2 2 1 1 2 1 0 1 2 0 0 0 0 1 1 0 2 2 1 2 2 1 0 1 1 2 2 1 2 2 1 0 0 2 2 0 2 1 1 0 0 2 0 
Lattice 1 Fitness: 0.00167727
Data: 1 0 0 2 0 2 1 1 2 0 0 2 0 2 0 1 0 2 0 1 1 1 1 0 1 2 1 0 0 2 2 2 0 2 1 2 1 2 2 1 1 1 0 2 0 1 2 0 1 2 0 1 2 2 1 2 1 0 1 1 0 1 0 2 0 1 2 0 0 2 0 1 0 2 2 0 2 1 0 2 1 
Lattice 2 Fitness: 0.00168791
Data: 2 2 1 2 1 0 0 0 0 2 2 0 2 1 0 0 0 1 2 1 0 1 0 1 1 1 0 1 2 1 0 1 2 2 2 1 0 0 2 2 2 1 2 2 1 1 1 0 0 2 2 1 0 0 2 1 1 1 0 1 0 1 2 2 1 2 2 2 0 0 1 0 2 0 1 2 2 0 0 0 1 
Lattice 3 Fitness: 0.00168807
Data: 1 1 0 2 2 1 2 0 0 0 2 1 0 2 0 0 1 2 0 1 0 0 0 1 1 2 1 2 2 2 0 1 0 2 0 1 2 1 0 1 1 1 2 2 1 1 2 2 0 0 1 0 0 0 0 1 0 1 1 1 1 2 0 1 1 1 2 0 2 0 2 2 2 2 1 2 2 0 2 0 2 
Lattice 4 Fitness: 0.00170044
Data: 0 0 2 1 2 2 1 2 2 2 2 0 1 0 2 0 2 2 1 1 1 2 2 1 2 0 0 0 0 1 1 2 2 2 0 1 1 1 0 1 0 1 2 1 0 1 2 2 2 0 1 0 2 0 0 1 1 0 1 2 1 0 1 0 2 2 2 0 2 0 0 2 0 1 1 1 0 1 0 1 0 
Lattice 5 Fitness: 0.0017083
Data: 0 2 0 2 0 2 1 1 2 2 2 2 1 2 0 1 0 2 1 1 1 2 0 0 1 1 0 0 0 0 0 0 0 0 0 1 2 2 0 1 0 1 1 2 1 1 1 1 1 2 1 2 1 0 2 0 0 1 2 0 2 2 1 2 1 1 0 0 2 1 2 1 0 0 2 0 2 1 2 2 2 
Lattice 6 Fitness: 0.00171223
Data: 2 2 0 2 2 0 1 1 0 2 1 0 0 2 1 2 0 1 2 1 1 0 2 1 1 0 0 0 2 0 2 0 1 2 1 2 1 0 2 2 1 1 2 0 2 1 1 2 0 1 2 1 2 2 0 0 0 2 2 1 1 0 1 1 0 1 2 0 0 2 0 0 2 1 2 1 1 1 0 0 0 
Lattice 7 Fitness: 0.0017169
Data: 2 0 0 1 2 2 1 1 2 0 2 0 2 2 0 1 0 2 0 1 2 1 2 2 1 0 2 0 0 1 0 1 1 0 0 2 0 1 2 1 1 1 0 1 2 1 2 0 1 0 2 2 0 1 2 0 1 2 0 1 1 1 0 1 0 0 1 2 2 2 1 0 2 2 1 0 0 2 0 1 2 
Lattice 8 Fitness: 0.00172484
Data: 2 2 0 2 1 1 0 1 2 2 2 0 2 2 0 0 2 2 1 1 1 1 0 1 0 0 0 1 2 2 2 2 0 2 1 1 1 1 0 2 1 0 0 0 0 1 1 1 0 2 0 1 1 0 2 1 1 2 0 0 2 1 2 2 1 1 2 0 0 0 0 0 0 2 0 1 1 1 2 2 2 
Lattice 9 Fitness: 0.00173612
Data: 2 0 2 2 1 2 0 2 2 0 1 0 2 0 0 1 1 1 2 1 0 0 1 0 1 2 2 0 0 0 1 1 0 1 0 1 2 2 2 1 1 1 0 0 1 1 2 2 0 1 0 0 0 0 1 1 2 1 2 2 1 1 2 1 0 0 2 0 2 0 2 2 2 0 1 1 0 2 2 1 2 
Lattice 10 Fitness: 0.00173889
Data: 1 0 2 2 0 1 0 1 2 2 2 2 0 0 2 2 1 1 1 2 1 0 0 2 1 2 1 0 1 2 1 0 0 1 2 1 1 0 0 1 0 0 2 0 1 1 2 0 2 0 2 0 0 2 1 1 1 2 1 1 1 1 2 0 0 1 0 2 1 2 2 0 2 1 2 0 0 0 2 0 2 
Lattice 11 Fitness: 0.00174367
Data: 2 2 2 1 0 0 0 1 0 1 2 1 2 0 0 2 1 1 1 1 1 0 2 1 0 1 0 0 2 2 2 2 1 0 0 2 1 0 1 1 0 1 1 0 2 2 1 2 1 0 0 2 0 2 1 0 1 2 2 2 1 1 0 2 1 1 2 2 2 2 2 1 0 0 0 0 0 1 0 2 0 
Lattice 12 Fitness: 0.00175733
Data: 1 0 0 1 2 2 2 2 0 2 0 1 0 2 2 0 2 2 1 1 2 0 1 2 1 1 2 2 2 2 2 2 0 1 1 1 1 1 0 1 1 1 0 0 1 0 0 0 1 0 1 2 2 0 1 2 0 1 0 0 0 1 1 2 1 0 0 1 2 2 2 0 0 2 1 0 0 1 2 2 0 
Lattice 13 Fitness: 0.00175969
Data: 0 2 2 0 0 2 2 2 0 2 1 0 2 1 2 1 1 1 0 1 2 1 2 2 1 0 1 2 2 1 2 0 2 2 1 1 0 1 0 1 1 2 2 0 1 1 0 0 0 2 0 0 0 0 1 2 0 0 2 1 1 1 2 2 1 1 0 1 0 2 1 0 2 0 1 0 2 2 1 0 0 
Lattice 14 Fitness: 0.00176037
Data: 1 0 0 2 0 1 0 1 2 1 1 2 2 0 0 2 2 0 1 0 1 1 1 0 1 0 0 2 0 2 0 0 2 2 2 1 1 1 2 1 1 1 0 1 2 1 2 0 0 1 2 1 1 0 2 2 1 0 0 2 2 1 0 1 0 1 0 2 2 2 2 2 0 0 2 0 1 0 1 2 2 
Lattice 15 Fitness: 0.00176736
Data: 2 2 0 2 0 2 1 1 1 2 0 2 2 0 0 1 2 0 2 1 1 2 2 1 1 2 0 2 2 0 0 1 1 1 2 2 1 1 1 1 0 1 0 0 0 1 0 2 1 1 2 0 2 0 2 2 1 0 1 1 2 1 0 2 0 1 0 0 0 2 0 2 0 1 0 1 0 1 0 2 2 
Lattice 16 Fitness: 0.00177098
Data: 0 1 0 0 0 0 0 1 0 2 0 2 2 0 1 1 1 1 2 0 0 2 2 1 1 1 2 0 1 0 2 2 2 0 1 2 1 2 0 1 1 1 1 1 1 2 1 0 2 0 2 2 1 0 0 0 1 0 2 2 1 2 0 2 0 1 2 2 1 2 2 1 2 1 0 0 2 1 0 0 2 
Lattice 17 Fitness: 0.00177608
Data: 0 0 0 2 0 0 1 1 0 1 2 0 2 1 2 2 1 1 0 1 1 0 2 2 1 2 0 0 1 2 2 1 0 2 1 2 1 0 1 1 0 1 2 0 0 1 1 2 2 0 2 2 0 2 0 0 1 0 1 1 1 1 2 2 0 1 0 1 0 2 1 2 2 2 2 2 0 2 0 0 1 
Lattice 18 Fitness: 0.00177659
Data: 0 0 1 0 1 0 2 2 2 0 2 0 1 2 0 2 0 2 1 1 1 1 2 1 1 2 2 2 1 0 0 0 1 2 2 2 1 2 1 1 1 1 2 2 0 0 1 0 0 0 2 1 2 1 2 2 1 2 0 0 1 0 1 1 0 1 2 2 1 2 0 2 0 2 0 0 1 1 0 0 0 
Lattice 19 Fitness: 0.00177969
Data: 0 0 0 0 2 2 2 1 1 2 2 2 1 2 0 1 1 2 1 1 0 1 1 1 1 1 0 0 2 2 2 0 1 0 0 1 2 1 2 0 2 0 0 1 1 1 2 2 0 0 1 0 2 0 0 1 1 0 2 0 1 1 2 2 1 2 0 0 1 0 0 2 2 2 1 1 0 0 2 2 2 
Lattice 20 Fitness: 0.00178043
Data: 0 0 0 1 0 0 2 2 0 2 2 2 0 1 2 0 1 1 1 1 1 2 2 2 1 1 0 2 1 1 0 2 2 2 0 1 1 0 0 1 0 1 0 0 0 1 1 2 1 2 1 1 2 2 0 2 0 2 2 0 1 2 1 2 2 0 0 2 2 0 0 0 1 2 1 1 1 0 0 1 2 
Lattice 21 Fitness: 0.00173245
Data: 2 0 0 0 0 2 1 1 2 0 2 0 2 0 2 1 0 1 2 0 0 1 2 0 1 1 2 0 1 0 0 1 2 2 1 1 1 1 2 2 1 2 2 1 1 1 1 2 1 0 2 2 0 2 0 2 1 2 2 2 1 0 2 2 0 0 1 2 0 0 1 0 0 1 1 0 0 1 2 1 0 
Lattice 22 Fitness: 0.0017816
Data: 0 2 2 0 0 0 2 0 0 0 1 0 2 0 1 1 1 1 1 0 1 2 0 1 1 1 1 0 1 0 0 0 1 2 0 1 2 2 0 1 2 1 2 2 0 1 0 2 1 2 2 2 0 2 2 2 1 1 2 0 0 1 0 2 2 1 2 0 1 1 0 2 2 1 1 2 1 2 0 0 2 
Lattice 23 Fitness: 0.00178219
Data: 0 0 1 1 2 0 1 1 0 0 2 0 2 2 2 1 2 0 0 1 1 0 0 0 2 0 2 2 2 1 2 1 1 2 0 2 1 2 1 1 0 1 2 1 2 1 1 2 1 2 2 1 2 0 0 0 1 2 0 1 1 1 0 0 2 0 1 2 2 2 0 1 0 1 0 1 0 0 0 2 2 
Lattice 24 Fitness: 0.00178486
Data: 1 1 0 2 0 0 0 1 2 0 1 2 0 0 2 1 0 1 2 2 0 2 1 2 1 1 2 0 0 0 2 2 0 2 1 2 2 1 0 1 2 1 0 1 1 1 1 0 0 0 2 1 0 2 0 1 1 1 2 0 1 1 0 0 1 1 2 0 1 2 2 2 2 2 0 1 0 0 2 2 2 
Lattice 25 Fitness: 0.00178592
Data: 2 0 0 1 0 0 2 1 0 0 2 2 2 2 0 0 2 0 1 1 1 2 1 0 1 1 0 2 0 0 0 2 2 0 0 1 1 1 0 2 1 1 2 0 2 1 2 1 1 2 1 1 1 1 0 1 2 1 2 0 0 0 0 1 1 1 2 0 2 2 0 0 1 0 2 2 2 2 1 2 2 
Lattice 26 Fitness: 0.00179494
Data: 2 2 0 1 0 1 0 0 0 0 0 2 1 0 1 0 1 0 2 0 1 1 0 1 1 1 0 0 1 2 2 1 2 2 2 1 0 2 2 0 2 1 2 1 1 1 2 0 0 0 0 0 1 2 2 1 1 2 2 2 1 1 2 2 1 2 1 2 2 2 0 1 1 2 1 0 0 0 0 0 2 
Lattice 27 Fitness: 0.00180145
Data: 1 0 1 0 2 1 0 1 2 2 0 2 2 0 0 1 0 0 1 1 2 1 0 0 2 1 0 2 0 0 2 2 2 1 2 1 1 1 2 1 0 1 2 1 1 1 2 0 1 0 0 2 0 0 2 0 1 1 2 2 1 2 0 0 1 0 1 0 1 1 0 2 2 2 1 2 2 2 2 0 0 
Lattice 28 Fitness: 0.00180343
Data: 2 0 1 2 0 2 1 2 0 2 2 2 0 2 0 0 2 1 0 1 1 0 2 0 1 0 2 2 1 2 1 1 2 1 1 1 1 1 1 2 1 1 0 2 1 2 1 2 0 0 0 0 2 0 2 0 1 0 0 2 1 0 2 0 0 1 2 2 1 0 0 1 0 1 1 0 2 2 2 0 1 
Lattice 29 Fitness: 0.00180501
Data: 0 0 1 0 1 2 0 2 2 2 0 2 0 0 0 1 0 1 2 1 1 2 0 1 2 0 2 0 0 1 1 2 2 1 1 0 1 2 2 1 1 1 2 2 1 1 0 2 1 1 0 0 1 0 2 2 2 0 2 1 1 0 1 2 0 0 0 2 0 0 1 2 0 2 1 2 1 2 1 2 0 
Lattice 30 Fitness: 0.00181256
Data: 1 0 2 2 0 1 1 2 2 0 2 2 0 0 0 2 2 1 1 1 0 1 0 0 0 2 2 2 1 1 1 2 1 0 0 1 1 1 1 1 2 1 0 0 0 1 0 1 1 0 2 1 2 2 0 0 1 2 0 1 1 1 1 0 2 0 2 0 1 2 2 0 2 2 2 0 2 2 0 0 2 
Lattice 31 Fitness: 0.00181575
Data: 0 2 1 0 1 1 0 2 2 2 2 0 2 0 2 1 0 0 1 1 1 1 0 0 0 2 0 2 0 2 0 2 1 2 1 1 1 0 0 0 2 1 0 1 1 1 2 0 1 1 0 1 1 1 0 2 2 2 2 1 1 1 2 1 0 2 2 0 2 2 0 1 2 0 2 0 0 1 2 0 2 
Lattice 32 Fitness: 0.00181581
Data: 1 2 0 2 2 1 0 1 0 2 1 0 0 2 0 2 2 2 2 1 1 0 0 0 0 2 1 2 0 0 2 0 2 1 1 1 1 2 2 1 0 1 2 1 1 2 1 1 2 1 1 0 2 2 0 2 1 1 0 0 1 1 1 0 0 2 0 0 0 2 0 0 2 1 0 2 1 1 0 2 2 
Lattice 33 Fitness: 0.00181602
Data: 1 0 0 2 0 2 2 0 1 0 0 2 0 2 0 1 0 1 2 1 1 2 2 1 1 1 2 1 0 2 2 0 0 2 1 2 1 0 0 0 2 1 0 0 1 1 0 2 2 2 1 2 1 1 2 1 0 2 2 1 1 1 1 0 1 2 2 1 2 0 0 2 0 1 0 0 0 2 1 2 0 
Lattice 34 Fitness: 0.00181604
Data: 0 2 1 2 2 0 2 2 1 2 0 2 0 2 1 0 1 1 0 1 1 0 0 1 1 1 2 1 2 2 0 2 2 0 2 0 2 1 2 1 2 0 0 0 1 1 0 0 0 1 0 1 2 2 2 1 1 1 1 1 1 1 1 0 0 0 0 0 2 2 1 0 0 2 2 0 2 2 0 2 1 
Lattice 35 Fitness: 0.00181673
Data: 0 0 0 1 2 0 0 1 1 2 0 0 0 2 0 1 1 1 1 1 2 0 1 2 0 0 1 2 2 0 0 2 0 1 2 1 1 0 2 1 0 1 2 2 1 1 1 1 2 1 1 2 0 2 2 2 0 2 0 0 1 1 2 1 2 1 0 0 0 0 2 2 2 0 1 2 2 1 2 0 2 
Lattice 36 Fitness: 0.00181811
Data: 2 0 2 0 0 2 1 1 2 2 1 2 1 1 0 2 2 2 1 1 0 1 2 1 0 2 2 0 0 2 2 2 0 0 0 1 1 2 2 1 1 1 2 2 2 1 2 0 0 1 0 2 0 0 1 1 1 1 0 1 0 1 0 2 1 1 0 2 2 0 1 1 0 0 2 0 2 0 0 1 0 
Lattice 37 Fitness: 0.00182443
Data: 0 0 0 1 0 1 1 2 1 2 2 2 0 0 2 1 1 2 0 1 1 2 0 2 0 0 1 0 2 2 0 0 2 2 1 1 2 1 2 0 2 0 0 0 1 1 0 2 1 2 2 1 1 2 1 0 1 0 2 1 1 1 1 2 1 1 2 0 2 0 0 0 0 2 2 0 0 1 1 2 2 
Lattice 38 Fitness: 0.00182689
Data: 0 2 1 1 2 0 2 2 0 1 2 0 0 1 1 2 0 1 2 1 2 0 0 2 0 1 2 2 1 2 2 2 2 0 1 0 1 0 2 1 1 1 0 2 1 1 1 2 1 0 0 1 2 0 2 1 1 1 2 0 0 1 0 2 2 0 2 0 2 0 0 2 0 1 0 1 1 0 2 0 1 
Lattice 39 Fitness: 0.00182733
Data: 0 0 2 0 1 2 2 2 0 2 2 0 1 2 1 2 0 2 1 0 0 1 0 1 1 0 2 2 2 1 0 0 1 2 0 1 1 0 0 1 2 0 1 1 1 1 0 2 1 1 0 2 1 0 0 1 1 2 2 1 1 1 2 2 2 2 1 2 0 0 0 2 2 2 1 2 0 0 1 0 0 
Lattice 40 Fitness: 0.00182872
Data: 1 2 0 0 2 0 0 1 0 2 0 2 2 0 2 1 1 1 1 2 1 2 0 1 1 1 0 1 2 0 0 2 0 2 0 1 0 2 0 1 2 2 0 1 1 1 1 0 2 2 1 1 0 1 0 0 1 0 2 2 1 1 0 2 2 0 1 2 2 0 2 1 2 0 1 0 2 1 0 2 2 
Lattice 41 Fitness: 0.00182898
Data: 2 0 0 1 2 2 1 0 0 1 2 2 1 0 1 2 1 0 2 0 1 1 2 1 2 2 2 0 2 0 2 2 1 0 0 2 0 2 1 1 1 1 0 1 0 1 2 2 2 1 0 0 1 0 0 1 1 1 2 1 1 1 0 0 0 1 2 0 0 2 0 0 0 1 2 2 0 2 2 2 1 
Lattice 42 Fitness: 0.00182998
Data: 1 0 2 0 0 2 0 2 2 2 1 2 2 2 0 2 0 1 1 1 0 0 1 1 1 1 1 0 2 2 2 0 1 1 0 2 1 0 0 1 1 2 0 2 2 1 1 0 0 2 1 1 1 2 0 1 1 0 0 0 1 1 0 2 1 0 2 0 1 2 0 0 0 2 2 1 2 0 2 2 2 
Lattice 43 Fitness: 0.00179463
Data: 0 0 2 1 1 0 2 1 0 0 0 0 2 0 1 0 2 1 1 0 1 2 1 0 0 0 2 2 1 2 2 2 0 2 0 1 1 0 1 1 2 1 2 1 1 1 1 0 1 0 0 1 2 0 2 2 1 2 1 2 0 1 1 0 2 1 0 0 1 2 2 2 2 2 0 0 2 1 2 2 0 
Lattice 44 Fitness: 0.00183453
Data: 2 2 0 1 0 1 1 2 2 0 2 2 1 0 2 2 1 0 2 0 2 0 0 1 0 1 1 0 0 2 2 0 1 2 1 1 1 2 0 1 0 1 0 1 1 1 1 2 2 0 1 2 0 0 1 0 2 2 0 2 1 1 0 1 1 1 0 0 2 0 2 2 0 2 1 1 0 0 2 2 2 
Lattice 45 Fitness: 0.0018362
Data: 2 0 0 1 2 1 1 1 2 0 0 0 2 1 0 2 0 0 2 1 2 0 0 1 1 0 2 2 0 0 0 2 1 2 1 1 2 1 2 1 0 1 2 2 1 1 1 1 1 1 0 1 2 0 2 2 0 1 0 0 2 1 1 2 0 2 2 2 2 2 0 2 2 0 1 0 1 0 1 0 0 
Lattice 46 Fitness: 0.00183785
Data: 0 2 0 2 0 2 1 1 0 2 0 1 2 1 2 0 2 0 1 1 0 1 0 1 2 0 0 0 2 1 0 2 0 2 2 1 1 2 1 2 1 1 0 2 1 1 1 2 1 0 1 1 1 1 2 0 2 0 0 0 1 1 1 0 0 2 0 0 2 0 2 2 2 0 0 2 1 1 2 2 2 
Lattice 47 Fitness: 0.00184179
Data: 2 2 2 1 0 1 1 1 0 0 0 0 2 2 2 0 1 0 0 1 1 0 2 2 0 2 1 2 0 2 1 2 0 0 1 1 1 1 0 0 1 2 0 0 1 0 2 1 1 2 2 2 1 0 2 1 1 1 0 0 1 2 1 2 1 1 0 0 1 0 2 2 2 2 2 2 1 2 0 0 0 
Lattice 48 Fitness: 0.00184225
Data: 2 0 1 0 2 0 2 1 0 0 1 2 2 2 0 2 2 1 1 1 0 1 2 0 1 0 1 0 1 2 2 2 1 0 1 1 1 1 0 1 0 1 2 2 1 2 0 0 1 2 0 0 2 0 2 1 2 0 2 0 1 0 1 0 1 2 2 2 1 0 2 0 0 1 2 2 1 2 1 0 0 
Lattice 49 Fitness: 0.00184798
Data: 1 2 0 0 2 0 1 1 2 2 1 0 2 2 0 2 1 2 0 2 0 2 2 2 1 1 1 2 0 2 0 0 2 1 1 1 1 2 0 1 1 0 0 2 1 1 1 2 0 1 1 0 1 0 2 1 1 2 2 2 1 0 0 1 1 2 0 0 2 0 0 0 0 2 0 1 2 0 2 1 0 
Lattice 50 Fitness: 0.00185015
Data: 1 2 2 0 2 1 2 2 0 2 2 1 1 2 0 0 0 0 0 1 1 1 2 1 2 1 0 2 0 0 1 2 1 0 2 1 1 2 2 1 1 1 1 0 2 0 2 1 2 0 0 0 1 0 0 1 1 0 2 2 1 1 2 2 1 2 0 0 0 2 0 1 2 0 0 2 0 1 0 2 1 
Lattice 51 Fitness: 0.00185267
Data: 0 2 0 2 2 2 2 1 2 0 2 0 2 1 0 1 0 1 1 1 1 2 1 0 1 1 2 2 0 0 2 1 2 0 2 2 2 2 0 1 1 1 0 0 2 1 0 0 2 0 2 1 0 1 2 0 0 0 1 1 1 1 1 2 1 2 0 2 1 2 1 0 2 1 0 0 0 1 0 2 0 
Lattice 52 Fitness: 0.00185346
Data: 0 0 0 0 0 1 1 2 0 2 0 1 1 2 0 2 2 2 1 1 1 1 0 0 0 2 2 2 0 0 2 2 0 0 2 2 1 1 2 1 1 1 2 2 1 1 0 2 1 0 1 2 1 2 2 0 0 2 1 1 1 1 2 0 0 1 0 2 1 2 2 0 2 1 1 0 1 2 0 0 0 
Lattice 53 Fitness: 0.00185418
Data: 0 0 2 0 2 1 0 2 1 2 2 2 1 0 0 1 1 1 1 1 0 2 0 0 2 1 0 0 1 1 0 0 0 2 1 1 2 0 2 1 0 1 2 2 2 1 0 2 1 0 2 0 1 2 0 0 1 2 2 1 1 1 1 1 2 0 1 2 2 2 1 2 0 1 0 2 0 2 2 0 0 
Lattice 54 Fitness: 0.00185467
Data: 2 2 0 1 2 0 1 2 0 0 1 0 2 2 2 2 0 1 1 1 2 0 2 0 1 0 1 0 2 1 2 2 1 1 1 1 1 2 0 1 2 0 0 2 0 1 2 0 2 1 2 2 0 2 2 0 1 2 2 2 1 1 1 1 1 1 0 0 0 0 2 0 1 0 0 1 1 0 0 2 0 
Lattice 55 Fitness: 0.00185499
Data: 0 0 2 1 0 2 1 1 2 1 0 0 0 0 2 1 2 2 2 0 1 2 2 0 1 1 0 2 0 2 0 0 1 2 1 1 1 1 2 1 1 2 1 2 0 1 2 2 0 1 2 2 2 0 1 0 1 0 0 2 1 0 1 1 2 0 0 2 1 0 2 0 2 1 1 2 0 0 2 1 0 
Lattice 56 Fitness: 0.0018579
Data: 0 2 2 1 1 2 2 2 2 2 2 0 2 0 0 0 2 0 1 1 1 2 0 1 1 0 1 2 1 2 0 1 1 2 0 1 0 2 1 2 1 2 0 2 1 1 2 0 0 0 2 0 1 2 0 0 0 1 2 2 1 1 1 2 1 1 0 0 1 2 0 1 1 0 0 0 1 0 2 0 2 
Lattice 57 Fitness: 0.00185806
Data: 1 0 0 2 0 2 0 1 1 1 2 2 2 2 2 1 2 0 0 1 2 2 2 1 1 2 2 2 0 2 0 2 2 0 0 1 1 1 2 1 1 1 0 0 2 1 0 2 1 0 2 2 1 0 0 1 1 0 2 1 0 2 1 1 0 1 1 1 2 0 0 2 2 0 1 0 1 0 0 0 0 
Lattice 58 Fitness: 0.00185809
Data: 2 2 2 0 1 1 0 1 0 1 0 0 0 2 2 2 0 2 2 1 1 1 0 0 2 1 2 0 1 0 2 0 1 2 1 1 0 2 0 1 0 1 1 2 1 2 1 0 1 2 0 1 2 2 2 2 1 0 2 2 1 1 2 1 0 0 0 2 0 0 0 1 0 1 1 2 2 0 2 0 1 
Lattice 59 Fitness: 0.00185942
Data: 1 0 2 1 0 0 0 0 0 0 2 1 0 2 0 0 2 1 1 1 1 0 2 2 1 0 1 2 1 2 2 0 2 2 2 0 1 0 1 1 1 1 0 2 1 1 0 2 0 2 1 1 0 2 2 2 2 1 2 2 1 2 1 0 0 1 2 0 0 2 0 2 2 1 2 1 1 0 0 0 1 
Lattice 60 Fitness: 0.00185962
Data: 1 2 2 1 2 1 0 1 0 0 0 0 0 2 0 2 0 2 0 1 1 1 2 2 1 0 1 2 2 0 2 2 0 2 1 1 1 2 2 1 2 1 0 0 1 0 1 2 1 0 1 1 2 0 0 0 1 2 0 0 0 1 2 2 1 1 0 1 0 0 2 2 2 2 0 1 1 2 1 2 0 
Lattice 61 Fitness: 0.00185983
Data: 0 1 0 2 1 1 0 2 0 0 0 2 2 2 0 2 0 2 1 1 1 2 0 1 0 1 0 2 0 1 1 2 2 2 2 1 1 2 2 1 1 2 0 0 1 0 1 1 2 1 1 0 2 0 0 2 1 1 2 0 1 1 2 1 0 0 2 2 0 0 0 1 2 0 0 1 2 1 2 0 2 
Lattice 62 Fitness: 0.00186073
Data: 1 2 0 1 0 0 2 2 2 0 0 0 0 0 2 1 2 0 1 2 1 1 2 0 0 1 0 2 1 1 2 2 0 0 2 1 1 1 2 2 0 1 2 1 1 1 1 1 0 2 1 1 1 2 2 2 2 0 2 0 1 1 0 0 1 2 2 2 2 0 0 0 2 1 0 1 1 0 2 0 0 
Lattice 63 Fitness: 0.00186395
Data: 2 2 2 2 0 0 1 0 1 2 0 0 2 0 0 1 1 0 2 1 1 0 1 0 1 0 2 2 2 0 1 2 2 1 0 1 1 1 0 2 1 2 2 2 1 1 0 2 1 1 1 0 0 2 0 2 1 0 2 1 2 1 2 1 0 0 2 2 0 0 0 0 2 1 1 1 2 0 1 2 0 
Lattice 64 Fitness: 0.00186404
Data: 2 2 2 1 1 1 2 1 2 0 0 0 0 0 0 1 0 0 2 1 0 0 1 1 1 1 2 0 2 2 0 2 1 1 1 1 1 0 0 2 0 1 2 2 1 0 1 2 2 0 0 0 2 0 1 2 0 1 0 2 2 1 1 1 1 1 2 2 2 2 0 0 0 1 0 2 2 1 2 0 2 
Lattice 65 Fitness: 0.00186416
Data: 2 2 0 2 0 1 1 2 0 0 2 0 2 1 2 2 2 0 1 1 1 1 0 2 0 2 1 0 0 1 1 2 2 0 1 1 1 2 0 0 0 1 2 1 0 1 0 2 2 2 2 1 2 2 0 0 1 1 1 1 1 1 0 1 2 1 0 2 0 0 1 0 0 2 1 2 0 2 0 0 2 
Lattice 66 Fitness: 0.00186438
Data: 1 2 2 1 0 0 2 2 2 1 0 2 0 2 1 1 0 2 0 1 1 2 2 0 1 2 2 0 0 0 1 2 2 1 1 0 1 2 0 1 2 1 0 0 1 1 2 1 1 1 0 0 1 0 0 1 0 2 2 0 1 1 1 1 2 2 0 2 2 0 2 0 2 1 0 1 2 0 2 0 0 
Lattice 67 Fitness: 0.00186588
Data: 2 0 1 0 1 0 0 2 0 2 2 2 0 2 0 2 2 1 1 1 1 0 2 2 1 0 0 2 1 2 1 2 1 1 2 1 1 0 1 1 0 0 0 0 2 1 1 1 0 2 0 2 0 0 1 0 1 1 0 2 2 1 1 1 0 1 0 0 2 2 0 2 2 1 2 2 1 2 0 0 2 
Lattice 68 Fitness: 0.00187222
Data: 1 2 2 0 2 0 1 1 0 2 1 0 0 0 2 1 1 2 0 1 2 2 2 0 0 1 1 0 1 2 0 0 0 2 1 1 0 2 0 1 0 1 2 1 2 1 1 0 2 2 0 1 1 1 2 0 1 0 0 1 1 1 2 1 2 2 2 0 1 2 0 0 0 0 2 2 2 1 2 2 0 
Lattice 69 Fitness: 0.00187392
Data: 2 2 1 2 1 2 2 0 1 2 0 0 2 0 0 1 0 0 2 1 1 0 2 2 1 0 2 0 2 1 2 0 0 1 0 1 1 1 2 1 1 1 2 2 1 1 0 2 1 0 2 2 0 1 1 2 0 2 0 1 2 1 2 0 2 0 1 1 0 2 0 0 2 1 1 0 0 0 1 2 0 
Lattice 70 Fitness: 0.00187397
Data: 2 1 2 2 2 2 1 1 2 1 0 0 2 0 2 1 0 1 0 1 1 1 0 2 1 1 2 0 0 0 2 1 2 0 1 2 0 0 2 2 0 1 0 0 1 1 0 0 1 2 0 0 2 2 1 2 1 1 0 1 2 1 0 1 1 1 0 2 2 2 2 1 2 2 1 0 0 0 2 0 0 
Lattice 71 Fitness: 0.00187459
Data: 2 0 1 0 2 2 2 2 2 0 2 2 0 2 0 1 1 1 1 0 1 2 2 2 0 1 2 2 1 1 0 2 2 2 1 1 1 0 0 1 2 1 2 1 0 2 1 0 1 0 1 0 2 1 2 0 2 1 0 0 1 1 1 1 0 0 0 0 0 2 0 0 0 2 1 2 0 1 0 1 2 
Lattice 72 Fitness: 0.00187849
Data: 1 0 0 1 0 2 2 1 2 2 2 1 1 0 0 1 2 2 0 1 2 2 0 1 1 0 2 2 0 0 0 0 1 2 0 0 0 0 2 1 0 1 1 0 1 1 1 2 2 0 0 1 2 2 1 1 1 2 0 2 1 1 1 1 2 1 0 0 0 2 1 2 0 2 2 0 2 2 0 1 2 
Lattice 73 Fitness: 0.00188017
Data: 1 2 2 0 0 2 2 1 2 2 2 2 2 2 0 1 0 1 0 1 2 1 2 0 1 2 2 2 0 1 0 1 0 2 1 0 1 1 1 1 1 1 0 1 1 1 2 2 0 0 0 2 2 0 0 2 1 2 0 0 2 1 0 0 2 2 1 1 0 2 1 0 2 1 0 1 0 0 1 0 0 
Lattice 74 Fitness: 0.00188773
Data: 1 2 2 2 0 1 1 0 2 0 2 2 0 0 1 0 1 1 1 0 1 0 0 1 2 1 2 2 1 0 0 0 1 0 1 0 1 1 2 2 2 1 0 0 1 1 1 2 2 2 0 1 0 2 2 1 2 0 1 2 1 1 0 1 0 1 0 2 0 2 0 0 2 1 2 0 2 2 2 2 0 
Lattice 75 Fitness: 0.00188982
Data: 2 2 2 0 2 0 1 2 0 1 1 2 1 1 2 2 0 2 0 1 1 1 0 2 1 1 2 0 2 2 2 2 2 0 0 2 0 2 1 1 1 1 0 2 0 0 0 2 1 2 0 0 1 2 0 1 1 2 1 1 1 1 1 0 1 1 0 0 1 0 2 0 0 1 0 0 2 2 0 2 0 
Lattice 76 Fitness: 0.00188998
Data: 1 0 0 2 2 2 1 1 0 2 1 0 2 2 1 1 0 2 0 2 0 1 0 2 1 2 2 2 0 1 0 2 0 1 1 1 1 2 2 2 1 1 2 1 1 1 1 0 0 2 2 0 1 0 0 0 1 0 2 0 1 2 2 1 0 1 2 2 2 2 1 2 0 0 1 0 1 0 0 0 0 
Lattice 77 Fitness: 0.00189156
Data: 2 0 2 1 0 0 1 0 2 1 0 2 0 1 2 2 2 0 2 0 1 1 2 0 2 0 1 0 1 2 2 0 1 2 1 1 1 0 0 1 0 1 1 2 1 1 2 2 1 2 0 2 0 0 1 0 1 2 2 2 1 1 2 1 2 1 2 0 0 2 1 2 0 1 0 0 2 0 0 0 1 
Lattice 78 Fitness: 0.00189162
Data: 0 2 2 0 1 1 0 2 0 2 0 0 2 2 0 2 1 2 1 0 0 0 0 2 1 1 0 2 1 1 1 2 1 0 1 1 1 0 0 1 2 1 1 2 1 1 2 2 0 2 1 0 0 0 2 0 1 2 0 2 1 1 0 1 0 2 1 0 0 2 0 1 2 2 1 0 2 2 2 1 2 
Lattice 79 Fitness: 0.00189341
Data: 2 0 0 1 0 2 0 1 2 2 2 2 0 1 2 2 0 2 1 1 1 1 0 0 1 2 2 2 1 2 0 0 0 2 1 2 1 0 2 1 0 1 1 2 1 2 2 1 1 2 1 1 2 0 0 1 1 0 1 0 1 0 2 1 0 1 2 0 1 2 2 0 0 0 1 0 0 2 2 0 0 
Lattice 80 Fitness: 0.00189373
Data: 2 1 2 1 0 2 1 0 1 1 0 2 1 0 0 1 0 2 2 0 1 2 2 0 1 1 0 0 1 0 0 1 0 2 1 1 0 1 0 1 2 1 2 2 0 1 2 2 1 0 0 1 1 2 0 2 2 1 2 2 1 1 1 2 1 0 0 2 2 2 0 0 2 0 2 0 2 1 2 0 0 
Lattice 81 Fitness: 0.00189747
Data: 0 2 0 2 0 2 1 0 0 2 0 1 2 1 2 2 0 0 1 1 1 1 2 0 1 0 1 2 1 2 0 2 0 0 2 1 1 2 2 1 1 1 0 0 2 0 0 2 1 2 2 2 1 2 1 2 1 2 2 1 2 1 1 1 0 1 0 0 1 0 0 0 1 2 0 0 2 0 1 0 2 
Lattice 82 Fitness: 0.00189788
Data: 2 0 0 0 0 1 1 1 0 0 0 2 1 0 2 2 0 2 1 2 1 1 0 0 1 1 2 2 0 1 2 2 1 0 0 2 1 1 2 1 2 1 0 1 1 0 1 2 0 2 2 0 2 0 2 2 1 0 2 1 1 1 0 2 0 0 2 0 2 0 2 1 0 1 1 1 2 2 0 2 1 
Lattice 83 Fitness: 0.00190114
Data: 1 2 0 2 0 2 2 0 0 0 1 0 2 2 1 2 1 2 0 1 1 1 2 1 1 2 2 1 0 2 2 0 2 0 0 1 2 2 0 1 1 1 1 0 0 1 2 0 2 1 0 1 1 0 2 1 1 2 2 1 0 0 2 2 1 1 2 2 0 0 1 0 2 0 0 0 1 0 1 0 2 
Lattice 84 Fitness: 0.00190152
Data: 2 0 1 2 1 2 2 0 2 0 0 2 2 0 2 0 1 1 1 1 1 2 0 2 2 0 2 1 2 2 2 0 2 1 1 1 1 0 0 2 1 0 2 1 0 1 1 1 0 1 0 2 0 2 2 1 1 2 2 0 1 1 1 0 0 1 0 0 0 2 0 0 0 1 2 1 0 0 2 1 2 
Lattice 85 Fitness: 0.00190297
Data: 2 0 0 0 1 0 0 2 0 0 1 0 0 0 2 1 0 1 1 1 2 2 2 0 1 2 2 0 2 2 0 1 1 2 1 1 0 1 2 1 1 2 1 1 1 1 1 0 0 1 2 0 2 2 0 0 2 1 2 2 1 1 0 2 0 0 2 2 0 2 2 2 1 0 1 2 0 0 1 1 2 
Lattice 86 Fitness: 0.00190521
Data: 0 2 0 2 0 2 1 0 1 0 0 2 1 0 0 1 2 1 0 1 2 1 1 1 1 0 0 2 2 1 2 0 0 2 2 1 1 1 0 1 0 1 0 0 0 1 0 0 2 2 1 1 0 0 0 0 1 1 0 1 2 1 2 1 2 1 2 1 2 2 0 2 2 2 2 1 2 2 2 2 0 
Lattice 87 Fitness: 0.00190576
Data: 0 0 0 1 0 0 2 2 0 2 2 0 2 0 1 1 1 0 0 1 0 1 2 2 1 0 2 0 1 1 2 2 0 2 1 1 0 1 0 1 1 2 1 2 1 2 0 2 1 0 0 2 1 0 2 0 1 1 2 1 0 2 1 1 0 1 2 2 2 2 1 0 2 1 2 0 2 2 1 0 0 
Lattice 88 Fitness: 0.00190846
Data: 0 1 0 2 2 0 1 1 0 2 0 0 1 2 2 1 2 0 2 2 1 0 2 0 1 2 0 0 1 0 1 2 1 2 2 1 1 1 2 1 0 1 2 2 1 1 1 2 2 0 0 1 0 2 2 2 2 0 0 1 1 0 1 0 0 1 2 0 1 1 2 2 0 1 1 0 2 0 0 2 0 
Lattice 89 Fitness: 0.00191019
Data: 1 0 0 1 2 0 1 0 2 0 2 2 2 0 2 0 2 0 0 1 1 1 2 1 1 2 2 0 2 2 1 1 2 0 1 0 1 1 0 1 0 1 0 1 1 1 0 0 0 0 0 1 1 1 2 1 2 2 0 2 0 2 2 1 1 1 2 0 2 0 0 0 2 1 0 2 2 2 2 1 2 
Lattice 90 Fitness: 0.00191204
Data: 0 0 2 1 0 0 2 1 2 0 2 2 0 0 0 2 2 2 1 1 1 2 1 1 0 2 2 0 1 2 1 1 0 0 1 1 1 1 2 2 0 0 2 0 1 0 1 1 0 2 2 0 1 2 2 2 1 2 2 0 1 1 1 1 0 1 2 0 0 2 0 0 0 2 1 0 0 1 2 2 1 
Lattice 91 Fitness: 0.00191262
Data: 2 0 0 2 1 0 2 2 0 2 2 2 1 2 1 1 0 2 2 1 1 1 0 0 0 2 0 2 1 1 1 0 1 2 2 1 1 0 2 1 1 1 2 1 1 0 2 1 2 0 0 1 2 2 0 0 1 2 1 1 0 1 2 0 2 2 2 0 0 0 0 2 0 1 0 0 0 1 0 2 1 
Lattice 92 Fitness: 0.00191552
Data: 2 1 2 0 0 1 2 2 1 0 0 2 2 1 2 2 1 0 1 1 1 0 0 1 0 1 2 0 2 0 2 0 2 0 0 1 2 2 0 2 1 1 1 1 1 1 2 2 1 2 1 0 0 0 2 1 1 1 2 0 1 0 1 2 1 0 0 2 1 0 0 1 0 0 2 0 2 2 0 2 2 
Lattice 93 Fitness: 0.0019178
Data: 1 0 2 2 1 2 0 2 2 1 2 0 0 2 0 1 2 2 2 1 0 1 1 2 1 1 1 0 0 1 0 2 1 2 1 1 0 2 0 1 0 1 0 0 1 1 2 0 1 0 0 1 1 2 2 2 2 0 1 1 1 1 0 2 0 1 0 2 2 0 2 0 2 2 0 0 2 1 0 2 0 
Lattice 94 Fitness: 0.00191798
Data: 0 2 1 1 2 0 1 2 1 0 0 1 0 0 2 2 0 2 1 1 2 2 2 0 1 0 2 0 0 2 0 0 1 0 2 1 1 2 2 1 2 1 0 1 0 1 0 0 1 1 2 2 1 2 2 0 1 1 1 1 1 0 0 1 2 1 0 2 1 2 0 0 2 2 0 2 0 1 2 0 2 
Lattice 95 Fitness: 0.00191799
Data: 1 0 0 0 2 1 0 1 2 0 0 0 1 2 2 0 2 2 0 0 1 1 2 2 1 2 0 1 0 1 2 2 0 2 1 1 1 2 2 1 1 1 2 2 1 0 0 0 2 1 0 0 2 2 2 1 1 0 2 1 1 2 1 0 2 1 0 0 1 0 1 0 0 1 0 0 1 2 2 2 2 
Lattice 96 Fitness: 0.00191811
Data: 0 2 1 2 0 2 1 2 0 2 2 0 0 0 0 1 2 1 0 0 2 1 1 2 1 1 0 2 0 1 2 1 1 0 2 1 0 0 2 0 0 1 2 2 1 1 1 2 2 2 0 2 1 0 1 1 1 0 2 1 1 1 0 2 1 0 0 1 0 0 2 0 2 2 1 2 2 2 1 0 0 
Lattice 97 Fitness: 0.00191888
Data: 2 0 1 2 2 2 2 0 0 0 1 0 1 2 2 1 0 2 1 2 0 1 2 0 1 0 1 2 1 0 2 0 2 0 0 1 1 1 0 1 2 1 0 0 1 1 2 0 0 2 0 2 1 0 2 1 1 2 1 1 1 0 0 1 1 1 0 0 0 2 0 2 2 2 2 1 2 2 2 0 1 
Lattice 98 Fitness: 0.00192817
Data: 0 2 1 2 0 0 1 1 2 0 2 1 0 1 2 0 1 1 2 1 0 2 0 2 0 2 2 0 0 0 1 2 0 1 0 1 1 0 2 1 1 2 2 1 1 1 1 0 2 2 1 0 0 0 0 2 1 2 2 0 1 1 0 1 1 0 2 0 2 1 0 2 0 2 1 1 0 2 2 2 2 
Lattice 99 Fitness: 0.00193066
Data: 0 2 2 2 2 0 0 0 0 2 2 0 0 2 0 0 1 1 1 1 1 2 2 2 1 0 0 2 1 1 1 2 2 0 1 0 1 2 1 1 2 1 0 0 1 2 1 1 0 0 1 1 1 2 0 2 2 0 2 0 1 0 1 1 0 1 2 0 1 2 2 2 0 1 1 2 2 2 0 0 0 
Lattice 100 Fitness: 0.00193122
Data: 2 2 2 1 1 2 0 1 0 2 2 0 1 0 2 1 0 0 2 1 1 2 2 0 1 2 0 1 2 0 0 0 0 1 1 1 2 1 1 1 0 2 1 2 1 1 1 0 0 2 0 0 1 0 2 0 1 1 0 0 2 1 2 0 0 1 2 1 2 2 2 0 0 1 1 0 2 2 0 2 2 
Lattice 101 Fitness: 0.00193188
Data: 2 2 0 0 2 0 2 0 1 1 1 0 1 0 0 1 0 1 2 0 1 1 2 2 0 1 2 2 1 0 0 0 1 2 1 1 2 1 1 1 0 1 0 2 2 1 2 2 1 0 2 2 2 2 0 2 1 2 0 0 1 1 0 0 1 1 0 0 2 2 2 2 0 1 1 0 2 1 0 2 0 
Lattice 102 Fitness: 0.0019332
Data: 0 2 0 1 1 2 2 1 0 2 0 0 2 0 2 1 1 1 2 1 0 0 1 0 1 0 2 2 2 0 1 0 2 0 1 1 2 2 0 1 2 0 2 2 1 1 1 2 1 1 2 2 0 0 2 0 1 1 0 1 2 1 1 1 0 0 0 0 0 0 1 2 2 2 1 2 0 2 0 2 1 
Lattice 103 Fitness: 0.00193657
Data: 2 0 2 1 0 2 1 2 0 1 0 2 1 2 0 2 2 0 1 1 1 0 2 0 1 0 1 0 1 0 1 0 0 0 2 0 1 2 1 1 2 1 0 0 1 1 1 0 1 0 2 1 1 2 0 2 2 1 2 1 0 1 1 0 2 0 2 0 2 0 0 2 1 1 2 0 2 2 2 2 2 
Lattice 104 Fitness: 0.00193678
Data: 2 2 1 1 0 0 0 0 0 0 2 2 2 2 2 2 0 0 0 1 0 1 1 1 1 2 2 0 1 1 0 0 1 2 0 1 1 1 2 1 0 1 2 2 1 2 1 0 1 0 2 1 2 2 1 1 1 2 2 2 2 0 2 2 1 2 0 0 0 0 0 1 2 0 1 2 0 1 0 0 1 
Lattice 105 Fitness: 0.00193989
Data: 0 2 1 2 1 0 0 0 2 2 1 2 2 2 0 2 2 1 1 2 1 0 2 2 0 1 0 2 1 0 1 2 0 0 0 1 1 2 0 1 1 1 0 1 1 1 0 2 2 1 1 1 2 0 0 0 2 1 2 2 1 1 0 2 0 2 0 2 1 0 0 0 1 0 1 1 0 0 2 2 2 
Lattice 106 Fitness: 0.00194011
Data: 2 0 1 1 1 0 0 0 2 0 1 0 0 2 2 0 2 2 1 1 0 1 2 1 0 2 1 0 1 1 2 0 1 1 2 2 1 0 1 1 1 1 2 0 1 2 0 1 2 1 0 2 0 2 2 0 1 2 0 0 1 1 0 2 0 1 2 0 2 0 0 0 0 1 2 2 2 1 2 2 2 
Lattice 107 Fitness: 0.0019406
Data: 0 2 2 1 0 2 2 1 0 0 0 0 2 2 2 1 0 1 0 1 1 0 1 2 2 0 0 1 1 1 1 0 2 0 2 1 2 1 2 1 0 1 1 2 1 1 2 2 1 0 1 1 2 0 0 1 0 0 2 2 1 1 1 0 0 0 2 0 2 2 0 0 2 2 2 2 0 1 2 1 0 
Lattice 108 Fitness: 0.00194138
Data: 2 2 1 1 0 0 1 0 0 2 1 0 2 2 0 0 0 1 1 1 1 2 1 0 1 0 1 0 0 0 0 2 1 2 0 0 1 0 0 2 2 2 0 1 1 1 1 2 2 2 1 0 1 2 2 2 1 0 2 2 1 1 2 2 1 1 2 1 0 0 0 2 2 1 1 2 2 2 0 0 0 
Lattice 109 Fitness: 0.00194268
Data: 0 0 0 0 2 2 0 1 0 2 0 0 1 2 2 1 0 2 2 1 1 1 1 0 1 1 2 1 0 1 2 1 0 0 1 1 1 1 0 2 1 1 2 0 0 2 0 2 1 0 2 0 0 1 0 0 2 2 0 1 1 1 2 1 1 2 1 2 0 0 2 2 2 1 2 0 2 2 0 2 2 
Lattice 110 Fitness: 0.00195434
Data: 0 2 0 1 0 0 2 1 0 1 0 1 1 2 1 0 0 1 1 0 1 1 2 2 1 2 2 0 2 2 2 0 0 2 2 1 0 1 2 1 2 1 2 1 1 1 2 0 1 0 1 0 1 1 0 0 1 0 2 2 1 1 0 0 2 1 2 0 2 2 0 0 2 2 2 0 0 1 2 0 2 
Lattice 111 Fitness: 0.00195603
Data: 0 0 0 1 0 2 0 1 2 2 2 1 2 1 0 1 1 0 2 1 0 2 2 1 2 0 2 0 2 0 0 2 1 0 1 1 1 2 1 1 2 1 1 1 0 1 2 1 1 2 0 0 0 0 0 0 1 1 2 2 0 1 2 0 2 1 2 2 0 1 2 0 2 1 2 2 0 1 2 0 0 
Lattice 112 Fitness: 0.00195859
Data: 0 0 0 1 0 0 0 1 2 2 2 2 2 0 1 1 2 2 1 1 1 2 2 0 1 2 0 2 2 1 0 0 2 1 0 0 1 1 2 1 1 2 2 0 0 1 2 2 1 2 0 0 0 0 0 1 1 1 2 2 1 0 1 1 2 0 1 1 0 1 0 0 2 1 2 0 2 2 1 2 0 
Lattice 113 Fitness: 0.00195876
Data: 2 0 1 2 1 0 2 0 0 2 0 0 0 0 2 1 1 1 2 1 1 0 0 1 2 2 0 0 1 1 1 2 0 2 0 1 0 1 2 0 0 2 0 0 1 1 1 1 2 1 1 0 2 2 2 2 1 0 2 1 1 1 1 1 0 2 0 2 2 0 2 2 2 1 1 2 0 2 2 0 0 
Lattice 114 Fitness: 0.00196539
Data: 1 2 2 1 2 2 2 0 2 0 1 0 2 2 0 1 2 0 0 1 2 1 2 2 1 2 2 2 2 2 0 0 0 0 1 1 1 1 2 1 0 1 1 0 1 0 2 2 1 1 2 1 2 0 0 0 1 1 1 0 1 0 0 1 2 1 0 0 1 2 0 0 0 1 2 2 1 2 0 0 0 
Lattice 115 Fitness: 0.00196723
Data: 1 2 0 1 2 2 0 2 2 0 0 2 0 0 0 2 1 1 0 0 1 2 0 1 1 1 2 0 1 2 1 1 2 2 1 0 1 0 1 1 1 0 0 2 1 2 1 2 2 2 0 0 1 2 2 0 2 0 1 1 1 1 1 0 2 0 0 0 2 0 2 0 0 1 2 2 2 1 2 0 1 
Lattice 116 Fitness: 0.00196778
Data: 0 2 0 0 2 2 1 2 2 0 2 0 1 0 0 0 1 2 2 1 1 1 1 1 1 2 2 0 2 0 2 1 2 2 0 1 2 1 0 0 0 1 1 1 1 1 2 0 0 2 1 2 1 0 2 2 1 2 0 2 0 1 0 0 1 1 1 2 0 0 2 2 1 0 1 0 2 1 0 2 0 
Lattice 117 Fitness: 0.00196261
Data: 1 0 0 1 0 2 1 2 1 2 2 0 2 0 1 2 2 1 2 0 1 2 0 1 1 0 0 2 1 0 2 2 1 2 0 0 1 0 1 1 2 1 0 1 2 1 0 0 2 2 0 2 1 2 0 0 1 0 0 1 1 1 2 2 1 1 1 2 2 2 1 2 0 1 0 0 0 2 0 2 0 
Lattice 118 Fitness: 0.00197374
Data: 0 2 1 1 1 1 0 1 0 0 2 2 1 0 2 2 2 2 0 1 2 0 0 2 0 0 0 2 2 1 0 2 2 2 0 1 1 0 2 0 1 1 1 1 1 1 1 0 0 2 2 1 1 0 2 2 1 0 0 1 1 1 1 2 0 2 2 1 0 2 2 0 1 2 2 2 0 0 1 0 0 
Lattice 119 Fitness: 0.00197384
Data: 1 0 0 1 0 0 0 1 0 0 1 0 2 0 0 0 1 2 1 1 1 2 0 0 0 2 2 2 2 1 2 2 2 0 0 1 2 2 1 1 0 2 1 1 0 0 1 2 0 1 2 1 1 0 2 1 1 1 0 2 1 1 1 1 2 2 2 2 2 0 0 2 2 2 1 0 0 1 0 2 2 
Lattice 120 Fitness: 0.00197482
Data: 0 0 1 0 2 2 0 0 2 2 0 1 1 2 2 2 2 2 1 1 2 1 0 1 2 1 2 2 1 2 0 0 2 2 2 1 0 0 2 1 1 1 1 0 1 1 2 0 0 0 2 2 1 2 0 1 1 1 2 0 1 0 2 0 1 2 1 0 1 2 0 0 1 0 1 0 2 0 0 1 0 
Lattice 121 Fitness: 0.00197496
Data: 0 0 0 1 2 0 2 1 0 1 0 0 1 2 2 0 1 0 0 1 1 2 2 0 1 2 2 2 1 1 0 0 2 2 1 1 1 2 1 1 0 1 0 2 2 0 1 0 1 0 0 2 0 0 0 2 1 1 0 0 2 1 1 1 0 0 1 2 0 2 2 2 1 2 1 2 2 2 2 1 2 
Lattice 122 Fitness: 0.00197552
Data: 0 2 2 1 1 2 0 2 0 2 0 2 0 2 2 2 1 1 0 2 1 0 1 1 0 1 0 0 2 1 1 1 2 2 2 1 2 2 2 1 1 0 0 0 1 1 1 2 0 0 1 2 0 0 0 1 0 1 0 1 1 1 1 0 2 0 2 0 0 0 2 2 2 2 1 1 2 2 0 0 1 
Lattice 123 Fitness: 0.00197603
Data: 2 0 1 2 2 0 2 1 0 2 1 0 0 1 0 1 2 1 0 1 0 0 1 2 1 1 0 2 0 2 2 2 2 0 2 1 0 0 2 1 1 1 1 1 2 1 0 0 2 2 0 1 2 0 1 1 1 1 2 0 0 1 0 2 1 2 2 2 2 0 2 1 0 0 0 2 2 1 0 1 0 
Lattice 124 Fitness: 0.00197679
Data: 0 0 1 2 1 0 0 1 0 0 2 2 1 1 0 1 0 2 1 1 0 2 2 2 1 1 2 0 0 1 2 0 1 2 0 1 1 2 2 1 0 2 1 2 1 1 2 0 0 2 2 0 2 2 0 0 1 2 0 1 1 1 1 2 0 0 0 1 2 0 2 2 1 0 1 1 2 2 0 0 2 
Lattice 125 Fitness: 0.00197844
Data: 2 0 1 1 0 1 0 1 2 0 2 2 0 0 2 2 0 0 0 1 1 2 0 2 0 2 2 1 2 1 0 1 0 1 1 0 1 2 2 1 1 2 2 0 1 1 1 2 2 2 2 0 1 2 2 1 2 1 0 2 1 1 1 0 1 0 0 2 2 0 1 0 2 0 2 1 0 0 0 0 1 
Lattice 126 Fitness: 0.00197956
Data: 0 2 0 1 2 2 1 1 0 0 2 0 1 2 0 2 2 2 2 1 1 2 1 2 1 0 2 0 2 1 0 1 1 2 0 1 0 2 2 2 0 1 0 1 1 1 0 0 0 0 2 0 2 2 1 2 1 1 0 0 0 1 1 1 1 0 2 1 0 0 2 0 1 1 1 2 0 2 0 2 2 
Lattice 127 Fitness: 0.00197995
Data: 0 2 2 1 0 2 0 1 0 0 1 2 2 0 2 1 1 1 2 1 1 2 2 0 0 2 2 0 1 1 1 2 2 2 1 1 0 1 0 1 2 1 2 1 0 0 2 1 2 2 2 1 2 0 0 2 1 2 1 0 1 1 1 1 0 2 0 0 0 0 2 0 0 0 0 0 1 1 0 2 2 
Lattice 128 Fitness: 0.00198011
Data: 2 0 2 0 0 1 1 1 2 0 0 2 2 0 1 1 1 0 2 0 1 0 0 2 2 1 2 2 2 0 1 1 0 2 1 1 1 0 0 0 0 1 1 1 1 2 2 1 2 2 0 2 1 0 2 0 1 1 2 0 1 1 1 1 2 2 0 0 0 2 0 2 2 1 2 0 0 1 2 0 2 
Lattice 129 Fitness: 0.00198121
Data: 1 0 2 0 2 1 0 2 0 0 1 2 2 2 0 1 2 0 0 1 1 1 0 1 0 0 2 2 0 0 0 2 0 2 1 1 1 2 0 1 1 1 0 2 2 1 0 1 2 1 1 2 1 1 1 0 2 0 2 2 1 1 2 2 0 1 0 0 2 2 0 2 0 2 1 0 2 1 1 2 0 
Lattice 130 Fitness: 0.00198214
Data: 2 0 1 2 2 0 1 1 0 2 2 0 0 0 2 0 2 1 1 0 1 0 0 0 1 2 0 2 0 1 2 0 1 2 1 1 1 0 1 1 0 1 0 1 2 1 1 2 1 0 2 2 1 0 0 2 1 0 2 2 1 2 1 2 0 0 0 1 0 2 2 1 2 0 2 0 2 2 1 1 2 
Lattice 131 Fitness: 0.00198309
Data: 0 0 0 0 0 1 0 1 2 0 2 2 1 2 2 2 1 0 1 0 1 1 1 2 1 2 0 0 2 1 0 0 0 2 2 1 1 2 1 2 1 1 0 0 2 1 2 2 1 0 0 0 1 2 2 1 1 1 0 2 1 0 1 0 1 0 1 2 2 2 0 1 2 2 0 0 2 2 0 1 2 
Lattice 132 Fitness: 0.00198495
Data: 0 0 0 0 0 0 1 2 2 2 2 0 2 2 1 1 0 1 1 0 0 1 0 1 1 0 1 2 1 2 2 2 1 0 0 2 1 0 1 2 1 1 1 2 1 1 0 2 0 0 2 1 2 0 0 2 1 2 2 1 1 1 1 0 2 2 0 1 1 2 0 0 2 2 1 2 0 0 2 2 0 
Lattice 133 Fitness: 0.00198766
Data: 2 0 2 1 0 2 0 1 2 2 2 2 1 0 0 1 0 0 2 1 1 1 1 0 2 1 2 0 0 1 0 0 0 1 2 1 1 0 0 1 0 2 2 1 1 1 2 0 0 1 0 2 1 2 2 0 1 1 2 2 2 1 2 1 2 0 0 2 0 1 2 2 2 0 0 0 2 1 1 0 1 
Lattice 134 Fitness: 0.0019879
Data: 0 0 1 0 0 2 1 2 0 0 1 2 2 1 2 1 0 1 1 1 2 1 0 0 0 2 2 2 2 2 2 2 1 0 2 2 1 2 0 1 1 1 2 0 1 1 1 0 0 0 2 0 0 1 1 0 1 2 0 1 1 1 2 1 0 2 2 2 0 0 0 1 2 0 1 2 2 0 2 1 0 
Lattice 135 Fitness: 0.00198973
Data: 1 2 0 2 0 2 0 1 0 0 0 1 1 0 0 2 2 2 1 1 0 2 2 1 1 1 2 0 0 0 2 0 0 0 2 1 1 2 2 1 1 1 0 2 1 1 0 2 1 0 1 0 1 1 2 1 0 1 2 0 0 2 2 1 2 1 2 2 2 0 0 2 0 0 2 1 1 2 1 0 2 
Lattice 136 Fitness: 0.00199007
Data: 2 0 1 2 1 1 2 0 2 0 0 0 2 2 0 1 1 1 2 1 1 2 2 0 0 2 0 2 0 0 2 1 2 2 1 2 2 2 0 1 0 1 0 1 1 1 1 0 1 1 0 1 0 2 2 0 2 0 0 2 1 1 1 1 0 0 0 2 0 2 2 0 0 1 1 1 2 1 2 2 0 
Lattice 137 Fitness: 0.0019927
Data: 2 0 2 2 2 0 2 2 2 2 0 2 0 2 1 1 0 2 1 1 1 1 0 1 1 1 1 0 0 1 0 2 1 0 0 2 1 2 2 1 2 1 0 2 0 0 1 1 1 0 0 0 1 2 2 2 1 0 1 2 0 1 0 1 2 1 2 0 0 2 2 0 0 1 0 2 0 1 2 0 1 
Lattice 138 Fitness: 0.00199389
Data: 2 0 1 0 1 0 2 2 0 2 1 0 0 2 2 1 2 1 1 2 1 2 0 0 1 2 2 1 1 1 0 2 1 1 2 0 1 0 2 1 0 1 1 1 2 1 2 2 0 2 2 0 0 0 2 1 1 0 2 1 1 1 2 0 0 1 0 0 2 2 2 0 2 0 1 1 0 0 2 0 0 
Lattice 139 Fitness: 0.00199528
Data: 1 1 2 2 0 2 2 0 2 0 0 0 0 0 2 1 2 0 2 1 2 1 2 1 1 0 0 2 1 1 1 0 0 2 1 1 0 1 0 0 1 1 2 2 1 1 1 0 0 0 2 1 1 0 1 2 1 0 2 0 2 1 1 0 2 0 2 2 0 0 1 2 0 2 2 2 0 1 2 1 2 
Lattice 140 Fitness: 0.00199683
Data: 2 0 1 0 0 0 1 0 2 1 2 2 2 0 0 1 0 1 0 1 0 1 2 0 1 2 1 2 2 2 2 1 0 1 1 1 1 0 2 1 1 1 2 2 1 1 0 0 1 0 0 0 0 2 0 2 2 2 0 2 1 1 0 2 0 2 0 1 2 0 2 1 1 2 1 1 0 2 2 0 2 
Lattice 141 Fitness: 0.00199774
Data: 2 2 2 0 1 1 2 0 0 2 0 0 0 2 0 1 2 2 0 2 1 1 0 1 1 1 0 0 1 0 2 1 2 1 1 1 1 0 0 0 0 1 2 1 1 1 1 2 0 0 2 1 2 2 2 0 2 0 2 0 2 1 2 1 1 1 0 2 2 0 2 0 1 1 0 1 0 2 2 2 0 
Lattice 142 Fitness: 0.00199908
Data: 0 1 0 0 0 2 1 2 1 0 1 2 2 0 2 2 0 2 2 1 1 1 1 0 1 2 2 0 0 2 0 1 1 0 0 1 0 1 2 1 2 1 2 1 1 2 0 0 2 1 2 1 1 0 2 0 0 0 2 1 1 1 2 1 1 1 2 0 2 2 0 0 0 2 0 0 2 1 2 2 0 
Lattice 143 Fitness: 0.00199978
Data: 0 2 0 1 0 1 1 2 1 2 0 1 1 2 2 0 2 0 1 1 1 2 0 0 1 2 2 0 2 0 2 0 2 2 0 1 2 2 0 2 1 1 0 1 0 1 0 0 1 2 2 1 2 0 2 0 1 2 1 1 1 1 1 1 0 1 2 2 1 0 1 0 0 0 0 2 0 2 0 2 2 
Lattice 144 Fitness: 0.00199997
Data: 1 0 2 0 0 2 1 1 0 0 0 2 2 2 2 1 2 0 0 1 1 1 2 2 0 1 0 2 2 0 0 0 1 0 1 2 1 1 0 1 0 1 2 1 0 1 1 1 1 1 2 2 0 2 2 1 1 2 0 0 0 2 2 2 1 2 1 0 0 0 2 2 0 1 1 2 2 1 2 0 0 
Lattice 145 Fitness: 0.00200057
Data: 0 2 0 1 2 0 1 2 1 0 2 2 0 2 1 0 1 0 1 1 1 0 2 1 2 2 2 1 2 0 1 2 1 0 0 1 2 2 0 1 0 1 2 0 0 1 0 2 2 1 0 2 2 0 2 1 1 1 1 0 1 1 0 2 1 0 2 0 1 2 2 0 0 2 2 0 1 1 0 2 0 
Lattice 146 Fitness: 0.00200073
Data: 2 0 1 0 0 2 1 0 0 0 1 2 2 0 2 2 0 1 2 1 1 1 2 2 1 0 2 2 1 2 0 2 2 0 1 1 1 2 1 0 0 1 0 2 0 1 2 0 1 1 2 2 0 2 1 0 1 1 1 1 2 2 2 1 1 1 0 0 2 0 0 2 0 1 0 2 0 1 0 0 2 
Lattice 147 Fitness: 0.00200075
Data: 1 0 0 1 2 0 0 1 2 2 2 0 0 0 2 1 2 2 2 1 2 0 1 0 1 1 1 0 0 1 0 0 0 1 2 1 2 0 1 1 1 2 0 0 0 1 1 2 1 0 2 2 1 2 2 0 1 1 1 1 1 1 2 0 0 0 2 1 0 0 2 2 0 0 2 2 2 1 2 2 2 
Lattice 148 Fitness: 0.00200221
Data: 0 0 2 1 0 0 1 0 0 0 2 2 1 0 2 2 0 1 2 1 1 2 0 0 1 0 2 1 1 1 2 0 0 2 1 1 1 2 2 1 2 1 0 2 0 1 1 0 1 2 0 0 2 0 2 1 0 2 2 1 2 0 2 1 0 1 2 2 2 0 2 1 0 1 1 0 1 1 2 0 2 
Lattice 149 Fitness: 0.00194703
Data: 1 0 2 1 2 0 2 1 0 2 0 2 0 0 2 2 0 0 1 1 2 0 0 1 1 0 2 2 1 0 0 2 0 1 1 0 1 2 2 1 1 1 1 0 2 1 1 2 1 2 1 0 1 0 2 1 2 1 0 0 2 0 1 1 1 2 2 0 2 2 0 0 2 0 0 2 1 2 1 2 0 
Lattice 150 Fitness: 0.00200471
Data: 2 2 2 0 1 2 2 1 0 0 0 2 2 2 1 2 1 1 1 1 1 0 0 2 1 2 2 2 2 0 2 0 2 1 0 2 1 0 2 1 0 0 0 1 1 1 1 1 2 0 1 2 1 0 0 0 0 0 0 2 1 1 1 1 1 1 2 0 0 1 1 0 0 2 2 2 0 2 2 0 0 
Lattice 151 Fitness: 0.00200525
Data: 0 1 2 1 0 0 1 2 0 0 0 1 0 2 1 0 1 0 0 2 1 0 0 1 1 1 2 2 1 0 0 1 2 0 2 1 1 0 2 0 0 1 2 2 1 1 2 0 1 2 2 1 0 0 0 2 0 2 1 1 1 1 1 0 2 2 1 2 2 2 0 0 2 1 2 2 2 1 2 0 2 
Lattice 152 Fitness: 0.00200538
Data: 2 2 0 2 2 1 1 0 2 0 0 1 1 0 2 1 0 1 0 1 1 2 2 1 1 0 0 0 0 2 2 0 0 0 2 1 1 1 0 1 0 1 2 0 2 2 0 1 1 1 0 2 1 2 0 1 1 2 2 1 1 2 1 0 0 1 2 0 2 2 2 0 1 0 2 0 0 2 1 2 2 
Lattice 153 Fitness: 0.00200618
Data: 2 0 2 1 2 0 2 1 0 0 0 0 2 2 1 1 2 1 2 1 0 2 2 1 1 2 0 2 2 1 0 0 1 0 0 0 2 2 0 1 0 1 1 2 1 1 1 2 1 0 2 0 0 0 1 2 1 0 0 2 1 1 1 0 1 0 0 1 2 1 2 2 1 0 1 0 2 2 2 2 0 
Lattice 154 Fitness: 0.00200692
Data: 2 1 0 0 2 1 0 1 2 2 2 2 1 0 0 0 2 2 1 1 1 0 0 0 0 1 2 1 0 1 0 2 2 0 1 1 1 1 0 1 2 1 0 0 0 1 1 0 1 2 0 2 2 0 2 1 1 1 0 1 2 1 2 2 2 0 1 2 0 2 1 0 0 0 2 2 1 0 2 2 2 
Lattice 155 Fitness: 0.00200899
Data: 1 2 0 0 2 0 2 1 2 0 2 0 2 1 2 1 2 2 1 1 1 0 2 1 1 1 2 0 2 2 2 2 0 2 2 0 1 2 0 1 0 1 0 2 1 1 1 1 2 0 1 2 1 0 2 0 0 1 0 0 2 0 1 1 2 1 0 0 1 2 2 0 0 1 1 0 1 2 0 0 0 
Lattice 156 Fitness: 0.00200907
Data: 0 2 0 0 2 0 2 0 2 2 0 2 1 0 1 2 1 2 1 1 1 1 2 1 1 1 2 2 2 1 0 0 2 0 0 0 2 1 1 1 1 1 0 0 1 2 0 2 2 2 2 1 2 1 0 0 1 1 0 0 2 1 0 1 2 0 2 1 0 1 2 0 2 0 0 0 0 1 1 2 2 
Lattice 157 Fitness: 0.00201037
Data: 2 0 2 1 0 2 0 1 2 0 0 1 0 2 2 1 2 2 1 1 1 2 0 0 2 0 0 1 2 0 0 0 0 2 0 1 2 1 0 1 1 1 1 2 1 1 2 2 1 1 0 1 2 0 0 1 0 1 2 1 1 0 0 0 2 2 2 2 1 0 2 2 1 2 1 2 0 0 1 2 0 
Lattice 158 Fitness: 0.0020109
Data: 2 0 0 0 2 2 2 2 0 2 1 0 2 0 0 0 1 0 1 1 1 1 0 1 1 1 2 2 2 2 0 0 2 0 1 1 1 0 1 1 1 0 1 2 0 2 2 1 2 1 0 2 1 2 2 2 1 1 2 0 2 0 0 1 0 1 0 2 0 2 2 0 2 0 2 0 1 1 1 1 0 
Lattice 159 Fitness: 0.00201225
Data: 0 0 0 1 1 0 1 1 0 0 2 2 0 2 1 0 2 2 0 1 1 0 0 2 0 0 2 1 0 2 2 2 2 1 1 1 1 0 0 1 1 0 0 2 2 1 1 2 2 1 0 0 1 2 0 1 1 0 2 1 1 1 1 2 2 2 0 1 0 2 0 2 1 0 2 2 2 2 1 2 0 
Lattice 160 Fitness: 0.00201238
Data: 0 2 0 1 2 2 2 2 1 0 2 2 1 0 2 2 1 0 0 1 1 0 0 0 2 2 0 1 1 2 1 0 1 0 2 1 0 1 2 1 0 1 0 0 0 1 0 0 1 0 0 2 2 0 1 1 1 1 2 2 1 1 1 0 1 1 0 0 1 1 2 2 0 2 2 0 2 2 2 2 2 
Lattice 161 Fitness: 0.00201311
Data: 1 0 2 1 0 1 1 1 0 0 2 0 0 2 2 0 2 0 2 1 2 1 2 2 1 0 2 2 2 2 0 2 2 0 1 0 1 1 2 1 1 1 0 0 1 1 2 0 1 2 2 1 2 2 0 1 2 1 1 1 0 0 2 0 0 1 0 2 1 2 0 2 0 1 0 2 1 1 0 0 0 
Lattice 162 Fitness: 0.00201552
Data: 1 0 0 2 1 2 0 1 0 0 2 2 2 0 1 0 1 0 0 1 1 2 2 1 1 1 0 0 1 0 0 0 2 2 2 1 1 2 2 1 0 0 2 1 1 0 1 0 2 0 2 2 1 0 1 1 1 1 0 2 2 2 1 2 1 0 1 2 0 2 0 2 2 2 0 0 0 1 2 1 2 
Lattice 163 Fitness: 0.00201669
Data: 0 0 1 2 1 0 0 2 0 2 1 0 0 0 2 1 1 2 2 1 1 2 2 0 2 0 1 1 0 0 0 2 1 2 0 1 1 0 2 2 1 1 2 1 1 1 1 2 0 0 1 1 2 1 2 0 0 2 2 0 1 1 0 2 1 1 2 0 2 0 0 2 1 0 2 2 2 0 1 0 2 
Lattice 164 Fitness: 0.00201823
Data: 0 0 0 1 2 2 2 1 1 2 2 0 2 2 2 1 1 2 1 1 0 0 0 0 1 0 0 0 1 1 0 0 2 1 0 2 1 1 1 1 2 0 2 0 1 1 1 0 1 1 0 2 0 2 2 2 1 0 0 1 1 2 1 0 2 0 0 2 2 2 2 0 2 1 2 1 2 1 0 0 2 
Lattice 165 Fitness: 0.00201842
Data: 0 0 0 1 0 0 2 1 0 2 0 2 2 0 0 1 0 0 0 2 2 1 1 2 1 2 2 1 2 1 2 1 0 1 1 1 1 2 2 1 1 0 1 0 1 0 1 0 2 0 0 2 1 2 1 0 1 0 0 0 1 1 2 1 2 2 2 2 2 0 0 2 2 1 1 0 2 1 0 2 2 
Lattice 166 Fitness: 0.00201852
Data: 0 0 0 0 1 2 2 0 2 2 2 2 2 0 1 1 1 2 1 0 1 0 1 1 1 2 0 2 1 1 0 0 1 2 2 1 2 2 0 0 0 1 2 0 2 1 0 0 2 0 0 1 1 2 1 2 1 2 0 1 1 1 1 1 0 1 0 2 2 0 2 0 0 0 1 1 2 2 2 2 0 
Lattice 167 Fitness: 0.00201884
Data: 0 0 1 2 2 2 2 0 0 0 2 2 2 0 2 1 2 0 2 1 1 2 2 2 0 2 0 1 2 1 1 1 2 2 0 1 1 1 0 1 1 1 0 1 1 1 1 0 0 0 2 0 1 1 0 1 2 2 2 1 0 1 0 0 0 0 0 2 0 0 0 2 1 1 0 1 2 2 2 2 1 
Lattice 168 Fitness: 0.0020215
Data: 2 2 2 2 0 2 1 1 0 2 2 2 2 0 0 0 2 1 1 1 2 1 0 0 0 0 0 1 2 1 2 0 1 2 2 1 1 0 0 1 1 1 2 2 1 1 1 0 2 1 1 2 1 0 2 2 0 2 0 1 1 0 0 1 2 2 0 2 0 0 0 2 0 0 1 1 0 0 1 2 1 
Lattice 169 Fitness: 0.00202334
Data: 0 0 1 0 1 2 0 1 0 0 2 2 0 0 0 1 2 1 1 0 1 1 2 2 1 1 0 1 2 0 2 1 1 0 0 2 0 0 0 1 2 1 0 1 0 1 2 2 2 1 2 0 0 2 0 1 1 2 2 2 1 1 1 1 0 1 0 2 2 2 0 1 2 1 2 2 0 2 2 0 2 
Lattice 170 Fitness: 0.00202365
Data: 2 0 2 2 1 0 1 2 2 0 2 0 0 2 1 1 2 1 0 1 0 0 0 1 2 2 2 2 2 1 2 1 1 1 0 1 1 2 2 1 1 1 0 1 2 1 1 2 0 1 0 0 2 0 0 2 0 0 0 1 1 1 1 2 0 0 2 2 0 2 0 1 2 0 0 0 2 1 2 1 0 
Lattice 171 Fitness: 0.00202487
Data: 0 2 0 0 2 0 2 2 2 0 1 2 0 1 1 1 1 1 1 1 0 0 0 1 1 2 1 2 0 2 1 0 2 0 0 2 1 0 0 1 0 1 2 2 1 0 0 0 2 0 2 2 2 0 0 2 1 1 1 1 1 1 2 1 1 1 1 0 0 2 2 0 2 1 2 2 2 0 2 0 2 
Lattice 172 Fitness: 0.0020288
Data: 0 1 0 0 2 2 1 2 0 0 1 0 0 0 2 0 2 1 1 1 1 1 0 0 1 0 1 2 2 0 0 2 0 2 1 1 2 0 0 1 1 1 0 1 0 0 1 2 2 1 2 1 1 0 0 0 2 2 0 2 1 1 1 1 0 2 2 1 0 0 2 2 2 1 2 1 2 2 2 2 2 
Lattice 173 Fitness: 0.00202952
Data: 0 2 0 2 0 2 0 0 0 2 0 1 2 0 1 2 1 1 2 1 1 0 2 1 2 1 0 0 0 2 0 1 2 0 2 1 1 1 0 1 0 1 0 1 1 1 0 2 1 2 2 2 1 2 0 0 0 2 2 1 1 2 1 0 0 2 0 2 1 0 1 2 1 1 2 2 2 0 1 2 0 
Lattice 174 Fitness: 0.00203018
Data: 2 2 1 1 0 0 2 1 0 0 1 0 2 1 2 0 2 0 0 1 2 1 0 0 1 1 2 2 2 1 0 2 1 2 2 0 2 2 1 1 0 1 2 1 1 1 2 0 0 2 0 1 1 0 1 0 1 1 0 0 1 1 1 0 2 0 2 0 2 0 1 2 2 0 2 0 0 2 2 1 2 
Lattice 175 Fitness: 0.00203078
Data: 0 2 2 2 1 0 2 0 2 1 0 2 1 0 2 1 2 0 1 1 2 2 2 0 1 1 2 0 2 1 2 0 1 2 0 2 0 2 0 1 1 1 1 0 2 1 1 0 0 2 2 0 1 0 1 1 0 1 0 1 1 1 1 1 0 2 0 2 0 2 0 0 2 0 1 2 0 2 0 1 2 
Lattice 176 Fitness: 0.00203184
Data: 0 1 2 1 2 1 2 2 0 0 2 2 0 0 0 0 2 2 0 1 1 2 1 1 1 2 2 2 1 2 1 1 0 2 2 1 1 1 0 0 0 1 0 0 1 1 0 0 2 0 2 1 2 0 1 1 1 1 0 1 2 1 0 2 0 0 2 1 1 0 0 2 2 2 1 0 0 0 2 2 2 
Lattice 177 Fitness: 0.00203251
Data: 2 2 0 1 0 0 2 1 2 0 0 0 2 2 0 1 2 1 2 1 1 2 0 0 1 0 1 2 1 1 2 0 2 2 2 1 0 0 1 0 1 0 0 1 2 1 2 2 0 0 0 2 1 2 1 2 1 2 1 1 1 1 1 0 2 1 0 2 1 2 0 2 0 1 2 1 2 0 0 0 0 
Lattice 178 Fitness: 0.00203282
Data: 1 0 2 2 2 0 1 0 2 0 2 2 1 0 0 0 1 2 1 1 1 2 0 1 2 1 1 0 0 0 1 2 2 2 0 1 1 0 1 2 1 1 0 1 0 1 1 1 2 0 2 2 0 0 2 0 1 2 2 0 0 1 0 0 1 2 0 2 0 1 2 2 2 1 2 1 0 1 2 0 2 
Lattice 179 Fitness: 0.0020375
Data: 1 0 2 0 0 1 2 2 2 2 0 0 0 0 0 2 1 1 1 1 1 0 2 1 0 0 1 1 1 2 2 0 1 0 1 2 1 0 2 0 0 2 2 0 1 1 1 0 2 2 2 1 1 2 2 2 1 0 2 1 1 1 1 1 2 1 2 0 0 0 2 0 0 0 0 2 2 2 1 0 2 
Lattice 180 Fitness: 0.00203757
Data: 1 0 1 0 2 0 1 1 2 2 1 0 2 2 2 0 0 2 0 1 2 1 0 0 0 2 2 2 1 0 2 2 2 2 1 1 1 1 0 1 0 1 0 0 2 1 2 1 1 1 0 2 2 0 1 2 1 0 0 1 1 1 1 0 2 1 2 0 2 2 1 0 0 2 2 0 0 1 0 2 0 
Lattice 181 Fitness: 0.00203779
Data: 2 0 0 0 1 0 0 1 0 2 2 0 0 0 2 1 2 0 1 1 1 1 2 0 0 0 0 2 1 1 2 2 1 1 2 1 1 2 0 1 1 2 1 1 1 2 0 1 0 2 2 2 2 2 2 2 1 0 0 2 2 1 1 1 0 0 2 2 0 0 1 0 2 0 1 0 2 0 1 2 1 
Lattice 182 Fitness: 0.00203811
Data: 2 0 0 1 2 1 0 1 0 2 0 2 0 2 0 1 0 0 1 1 1 1 2 2 0 0 0 0 1 1 0 2 0 0 2 1 1 2 2 2 1 2 1 0 1 2 1 0 1 2 0 1 1 2 1 0 1 0 2 1 0 1 1 1 2 2 2 2 2 0 2 2 1 0 1 2 0 2 0 0 2 
Lattice 183 Fitness: 0.00203918
Data: 0 2 2 0 2 1 0 1 0 2 0 2 1 0 2 1 2 1 1 2 0 2 1 1 1 1 0 0 0 2 0 2 2 2 2 2 1 0 2 1 1 1 1 0 1 1 1 0 2 2 2 0 1 0 1 0 1 0 2 0 0 1 0 2 1 0 2 1 2 0 1 0 0 2 1 0 0 2 1 2 2 
Lattice 184 Fitness: 0.00203963
Data: 2 0 1 2 1 2 2 0 0 1 2 0 1 0 0 0 0 0 1 2 1 1 2 0 0 1 2 2 1 1 2 2 1 2 2 1 1 2 2 1 1 1 2 0 0 1 2 0 1 2 0 2 0 0 2 1 2 2 1 1 1 1 2 0 1 0 2 0 2 2 2 1 0 0 0 0 0 1 0 0 1 
Lattice 185 Fitness: 0.0020404
Data: 2 2 2 1 0 2 0 2 0 2 0 0 2 2 0 1 1 0 0 1 1 2 1 0 1 2 0 0 1 2 1 2 0 0 0 1 1 1 0 1 2 0 2 0 1 1 1 2 2 0 1 0 1 2 1 1 1 1 2 2 0 2 2 2 1 2 2 2 1 0 0 0 1 0 1 2 0 0 2 0 1 
Lattice 186 Fitness: 0.00204252
Data: 0 0 1 1 0 0 1 2 0 2 1 0 2 1 1 0 0 0 1 2 1 1 2 1 2 1 2 2 2 0 0 2 1 2 0 1 1 2 2 2 0 1 2 1 0 1 1 0 0 2 0 1 2 0 2 1 0 1 0 1 1 1 2 2 1 1 2 0 0 2 0 2 2 2 0 1 2 0 0 0 2 
Lattice 187 Fitness: 0.00204308
Data: 1 0 2 2 2 2 2 1 0 1 0 0 2 2 0 1 1 0 2 1 2 1 1 0 1 1 0 0 0 0 2 1 0 1 0 1 0 2 0 1 2 1 2 2 1 1 1 0 1 2 0 0 0 2 0 1 0 1 0 1 2 1 0 2 1 2 2 2 0 2 1 0 1 0 1 2 2 0 2 2 2 
Lattice 188 Fitness: 0.00204447
Data: 2 0 1 1 2 0 2 2 2 2 0 1 0 1 1 2 0 2 2 1 2 1 2 1 0 2 1 0 0 1 0 0 2 0 2 1 1 0 0 1 0 1 2 1 2 0 1 2 1 0 2 2 1 2 0 1 1 1 2 1 1 1 0 1 0 1 0 2 0 2 2 0 0 0 2 0 0 1 0 2 2 
Lattice 189 Fitness: 0.00204577
Data: 0 2 0 2 1 1 0 1 0 0 0 0 1 0 2 0 1 1 1 2 1 0 0 2 1 0 2 0 1 0 0 2 2 2 1 0 1 2 1 0 0 1 1 2 1 1 1 2 2 0 1 2 1 0 2 1 0 2 2 1 1 1 1 1 2 1 0 0 2 2 2 0 0 2 0 0 2 2 2 2 2 
Lattice 190 Fitness: 0.00204663
Data: 1 0 2 2 0 1 0 0 0 1 2 2 2 0 2 1 1 1 0 1 1 1 0 2 0 0 1 2 1 0 2 0 2 2 2 1 1 2 1 1 2 1 0 0 1 0 2 0 1 2 0 0 2 2 0 0 1 0 2 1 2 1 1 1 2 1 2 0 2 1 0 0 0 1 2 2 0 1 2 2 0 
Lattice 191 Fitness: 0.00204769
Data: 2 1 0 1 1 0 0 2 0 0 2 0 0 0 2 0 2 2 1 0 1 2 0 1 1 2 0 0 1 1 2 2 1 2 1 1 0 0 2 1 1 1 1 0 1 2 2 0 2 2 2 2 1 0 1 0 1 0 2 2 0 1 1 1 0 1 2 1 2 2 2 1 0 2 1 0 0 2 0 2 0 
Lattice 192 Fitness: 0.00204816
Data: 2 0 0 0 2 0 1 2 2 0 0 0 1 2 0 1 0 2 1 1 1 0 2 0 1 2 2 0 1 2 2 2 2 0 2 1 1 1 1 2 0 1 2 0 0 1 1 1 1 2 1 2 0 2 1 2 1 2 2 0 1 1 0 2 0 2 1 0 0 2 0 0 0 0 1 2 1 1 1 2 0 
Lattice 193 Fitness: 0.00204867
Data: 1 2 2 0 0 1 2 1 0 0 1 0 0 2 2 0 2 0 2 1 2 2 0 0 2 0 1 2 0 2 0 1 2 2 1 1 1 1 0 1 1 1 2 1 1 0 1 1 0 1 2 0 0 2 0 0 1 1 2 2 1 1 0 2 2 0 0 2 2 0 0 0 1 2 1 0 2 1 1 2 2 
Lattice 194 Fitness: 0.00204883
Data: 2 0 0 0 0 0 0 2 2 0 1 2 1 0 0 1 0 1 1 1 1 2 0 2 1 2 2 2 2 1 0 2 2 0 1 1 1 1 0 1 0 2 2 1 0 1 1 0 0 2 2 1 2 2 1 2 1 0 1 0 2 0 1 1 1 1 0 2 2 2 2 0 0 1 0 1 2 2 0 2 0 
Lattice 195 Fitness: 0.00205051
Data: 2 0 2 1 0 2 1 2 0 0 1 0 1 2 0 2 0 1 2 0 1 0 2 0 1 1 0 0 1 2 0 2 2 2 1 1 1 0 0 1 2 1 0 1 0 1 1 1 0 1 2 2 1 0 0 2 1 2 2 0 2 0 1 1 0 1 2 2 2 0 0 2 2 2 1 0 0 1 2 1 2 
Lattice 196 Fitness: 0.00205401
Data: 0 2 1 1 0 2 1 0 1 0 0 2 2 2 0 2 0 0 0 1 2 0 0 0 0 0 2 1 1 2 2 1 2 0 2 1 1 1 2 1 1 1 0 0 1 1 1 0 1 2 0 1 2 2 2 1 1 1 1 1 2 2 0 0 2 1 0 2 0 0 2 2 2 2 2 0 1 0 0 2 1 
Lattice 197 Fitness: 0.00205441
Data: 0 2 1 1 2 0 2 1 0 2 2 2 0 0 0 2 0 2 1 2 1 2 0 2 2 1 0 2 1 0 2 2 1 1 1 1 1 2 1 0 0 1 0 2 1 0 1 1 0 2 0 0 0 2 0 1 2 1 2 2 1 1 1 0 1 1 2 2 1 0 0 2 0 1 0 2 1 0 0 0 2 
Lattice 198 Fitness: 0.00205536
Data: 1 1 0 2 0 2 1 2 1 0 1 0 2 2 2 1 0 2 2 2 2 1 2 0 1 0 2 0 0 1 0 2 1 0 1 1 1 2 0 1 0 1 2 1 1 1 0 2 1 1 2 1 1 0 0 2 2 0 0 1 1 1 1 2 0 0 2 2 2 2 0 0 2 0 0 0 0 2 1 2 0 
Lattice 199 Fitness: 0.00182257
Data: 0 2 0 1 0 0 0 1 0 0 2 2 1 0 2 1 0 0 1 1 1 0 1 0 1 1 0 1 2 1 1 2 1 2 2 1 0 2 2 1 0 1 0 0 2 1 1 0 2 0 0 2 1 2 0 2 1 1 2 2 0 1 2 0 2 2 2 0 2 0 0 0 1 1 1 2 2 2 2 1 2 
---
